10,298
10,10
10,100
10,218
10,140
10,70
10,110
10,4
11,20
11,6
11,24
11,14
8,8
8,6
8,7
20,3
20,2
20,1
19,3
19,2
19,1
12,3
12,2
12,1
11,28
11,26
11,22
11,16
11,12
11,10
11,8
11,3
11,2
11,1
10,294
10,260
10,236
10,212
10,198
10,186
10,164
10,138
10,128
10,122
10,72
10,30
18,1
10,26
18,3
10,22
10,16
10,3
10,2
14,1
10,1
9,7
9,6
14,3
9,4
9,3
13,1
9,2
13,3
9,1
8,15
8,14
8,13
8,11
8,10
8,9
8,5
8,4
8,3
8,2
8,1
3,3
3,2
3,1
2,2
2,3
2,1
0,537
0,9
0,0
280,34
280,33
280,32
280,31
280,30
280,29
280,28
280,27
280,26
280,25
280,24
280,23
280,22
280,21
280,20
280,19
280,18
280,17
280,16
280,15
280,14
